baseMean	log2FoldChange	lfcSE	stat	pvalue	padj
NM_000331.5	254.278572185951	1.83583297341079	0.448791543867135	4.09061400219763	4.30232666095868e-05	0.0173363684499995
NM_000479.3	48.3953701749291	2.70191832026254	0.630017386444174	4.28864088261468	1.7976975823712e-05	0.00959910082176729
NM_000538.3	168.735429636123	-1.15702550569731	0.310776393436713	-3.72301606599644	0.000196856990070051	0.0448340030933018
NM_000773.3	49.9082548288362	-1.4945186555756	0.358409566801909	-4.16986262088706	3.04783306966376e-05	0.0143455858453759
NM_000821.6	411.030955919872	-1.15151224029057	0.209915483991138	-5.48559933929971	4.1206990910731e-08	0.000174558307763311
NM_001008215.2	1077.89721079518	-1.07774063735243	0.208529578882806	-5.16828664368101	2.36249780371578e-07	0.000580825259800307
NM_001008396.2	282.603258003956	-0.938484264691828	0.246456633119604	-3.80790832371871	0.000140147207003669	0.0396343065069212
NM_001009936.2	375.018039089967	1.02852513099601	0.258938295132569	3.97208582249076	7.1246040665716e-05	0.0242091760212884
NM_001010917.2	351.872757577692	1.36968583216545	0.371625311637282	3.68566346068028	0.000228107618151563	0.0486389740690825
NM_001012511.2	332.8863220652	0.973047879236521	0.229789333100906	4.23452153372685	2.2903883807284e-05	0.0114803070953518
NM_001024844.1	46.858351791751	2.80747676300824	0.748747736669725	3.7495629375727	0.000177143035757231	0.0429066709606867
NM_001034.3	1877.79518887848	-1.09008977155332	0.259538448069388	-4.20010899988846	2.66786513970327e-05	0.0130542823984477
NM_001040152.1	590.759467925332	-0.909448741802868	0.22258795167987	-4.08579500794748	4.39261483813842e-05	0.0173363684499995
NM_001080421.2	126.503826156489	1.12751607086221	0.305801505736866	3.68708475828241	0.000226837819676121	0.0486389740690825
NM_001080463.1	507.213316856123	-1.08484704045752	0.266165352188257	-4.0758386902673	4.5848795207848e-05	0.0176565099702853
NM_001081563.2	57.2661767824492	1.68634189126166	0.454335383669356	3.71166752992522	0.000205898321504957	0.0463942948406666
NM_001085.4	129.769926084066	2.54622727373909	0.327667739374299	7.77075972935654	7.80167631032618e-15	4.95734116110746e-10
NM_001126050.1	1953.76841526889	0.872856192958499	0.229337870554463	3.80598368184121	0.000141241695346885	0.0396343065069212
NM_001126051.1	1952.88966150293	0.874233456137872	0.2295600076738	3.80830034376084	0.000139925257993662	0.0396343065069212
NM_001126131.1	1638.26826558662	1.33220624620259	0.357477932159472	3.72668107973807	0.000194017697939555	0.0444994467727781
NM_001135924.1	49.5677385475016	-1.94348614533039	0.396115876971168	-4.90635760472647	9.27832928760534e-07	0.001511701537418
NM_001136123.1	412.921597209025	-0.920895026527396	0.213124752385183	-4.32092010065095	1.55379933013888e-05	0.00866065938909513
NM_001137664.1	210.769670093617	-1.11703660285598	0.302314641830329	-3.69494707928471	0.000219932590061734	0.0484989747460792
NM_001142269.3	406.447024571894	-1.16094200002318	0.211428735582327	-5.49093762882161	3.99805534493281e-08	0.000174558307763311
NM_001142633.2	59.8801476978465	2.58102217516976	0.592802742941745	4.35393089168517	1.33717876327419e-05	0.00791969470658209
NM_001142703.1	293.553250154592	-1.11422745686058	0.283734831823335	-3.92700272187358	8.60110081784383e-05	0.0283176760708514
NM_001142704.1	288.177941204961	-1.12166244384083	0.283462982375652	-3.95699796298049	7.58975777659887e-05	0.0253825467705603
NM_001145134.1	113.8711458928	1.68732278284597	0.452596612920004	3.72809414538019	0.000192933308228564	0.0444994467727781
NM_001145135.1	116.065092533949	1.69263238572213	0.450728399479665	3.75532668382146	0.000173115524392816	0.0427993867738453
NM_001145137.1	110.78214680815	1.69781447901411	0.456765533359006	3.71703719965155	0.000201572772984007	0.0455812709642341
NM_001163940.1	2292.48258628578	-0.920444021520351	0.249011214484997	-3.69639585680511	0.000218681905132101	0.0484989747460792
NM_001164098.1	92.0497090987417	-1.46803422329249	0.38625575401555	-3.8006792339808	0.000144299998726105	0.0396343065069212
NM_001165931.1	1878.65304688301	-1.08872404444376	0.259228458295463	-4.19986313077885	2.6707637653807e-05	0.0130542823984477
NM_001172437.2	590.759467925332	-0.909448741802868	0.22258795167987	-4.08579500794748	4.39261483813842e-05	0.0173363684499995
NM_001172438.2	590.759467925332	-0.909448741802868	0.22258795167987	-4.08579500794748	4.39261483813842e-05	0.0173363684499995
NM_001173486.1	151.123281759541	1.39001313749711	0.372003774457735	3.73655654307087	0.000186557513040985	0.0437425737773072
NM_001178006.2	254.278572185951	1.83583297341079	0.448791543867135	4.09061400219763	4.30232666095868e-05	0.0173363684499995
NM_001184961.1	590.759467925332	-0.909448741802868	0.22258795167987	-4.08579500794748	4.39261483813842e-05	0.0173363684499995
NM_001184962.1	590.759467925332	-0.909448741802868	0.22258795167987	-4.08579500794748	4.39261483813842e-05	0.0173363684499995
NM_001199579.1	174.530573540227	2.16412175802913	0.576427543560897	3.75436910016514	0.000173778631262033	0.0427993867738453
NM_001199580.1	175.438738108418	2.17235200604951	0.574240510856029	3.78300026727677	0.000154949248014155	0.0403515783496535
NM_001199922.1	73.1638218910009	-1.65716845724927	0.3146841488517	-5.26613260723925	1.39327660279553e-07	0.000402416281340153
NM_001206974.1	706.305244832792	1.15741451644565	0.281549078272004	4.11088014760779	3.94153767886111e-05	0.0172361734010242
NM_001251851.1	59.8801476978465	2.58102217516976	0.592802742941745	4.35393089168517	1.33717876327419e-05	0.00791969470658209
NM_001251852.1	59.7371713637578	2.5773185060175	0.591919340050324	4.35417181300138	1.33570919645167e-05	0.00791969470658209
NM_001251853.1	59.4635975511996	2.57017808126444	0.590509315992065	4.35247677159251	1.34608137658693e-05	0.00791969470658209
NM_001251855.1	59.1514297277417	2.60795641506203	0.595767321854665	4.37747476136033	1.20062258903924e-05	0.00786494438687953
NM_001255.2	3097.00897164527	1.56104288130904	0.326321218727574	4.78376149548601	1.72044814709829e-06	0.00248456173097544
NM_001258.2	69.2650069378931	1.5899684732551	0.423280412701378	3.75630061194638	0.000172443540834988	0.0427993867738453
NM_001258311.1	623.477398773916	1.46070599426145	0.292386672875275	4.99580223646017	5.85916810777883e-07	0.000979745420801269
NM_001282606.1	186.51461347863	-1.31337347170205	0.293568698543764	-4.47381985278739	7.6834482080309e-06	0.00581216269088928
NM_001282609.1	178.18192898194	-1.38202264259432	0.303503603164502	-4.55356255472606	5.2744977780242e-06	0.00459112517549608
NM_001282610.1	177.895976313763	-1.38742734037023	0.30562510803947	-4.53963795471624	5.63509018242589e-06	0.00482805835832528
NM_001286843.1	375.018039089967	1.02852513099601	0.258938295132569	3.97208582249076	7.1246040665716e-05	0.0242091760212884
NM_001297655.1	643.21439910117	1.25079950717769	0.324716936225537	3.85196880001642	0.000117171954739507	0.0366765534387083
NM_001297656.1	587.713588937192	1.23839301221025	0.327078599588811	3.78622451535227	0.000152953489891838	0.0402525694259241
NM_001297657.1	586.994448813846	1.23834034003125	0.327202226417806	3.78463298856045	0.00015393557600484	0.0402525694259241
NM_001300844.1	530.9344935608	1.13757365580578	0.301988851597919	3.76693924224858	0.00016526119933352	0.0424990261996396
NM_001300855.1	533.691433994406	1.14468413359022	0.304230724973665	3.76255269315519	0.000168187857520804	0.0424990261996396
NM_001300857.1	480.49224956655	1.06300407045774	0.288222886430959	3.68813206897214	0.000225906392967734	0.0486389740690825
NM_001305008.1	271.391179298271	-1.13531364958791	0.271219164144223	-4.18596397186813	2.83958390325651e-05	0.0136691545742973
NM_001305009.1	275.400378513303	-1.12304271951955	0.272708605793483	-4.11810517035906	3.82000365919358e-05	0.0168562967022555
NM_001305010.1	263.099924703172	-1.15838163394154	0.266298119187115	-4.34994297923523	1.36172936472748e-05	0.00793825754986364
NM_001305011.1	258.984521302198	-1.15873527550708	0.263936674850357	-4.39020183975584	1.13245495883192e-05	0.00762529554751489
NM_001308043.1	274.836959236357	0.968400709494869	0.238215405377697	4.06523124715399	4.7984860283509e-05	0.0182578083361361
NM_001318765.1	62.6821765016892	-1.49182164786152	0.369071917800786	-4.04208929454981	5.29770496283804e-05	0.0196276500421342
NM_001318881.1	81.2757547050986	-1.79686943287669	0.318083243757398	-5.64905403897088	1.61333139209939e-08	9.31948211970725e-05
NM_001319186.1	1953.76841526889	0.872856192958499	0.229337870554463	3.80598368184121	0.000141241695346885	0.0396343065069212
NM_001319187.1	1952.18460355628	0.873572240959802	0.229666831822106	3.80364998301735	0.000142579601617291	0.0396343065069212
NM_001319188.1	1961.06162371013	0.874848898513445	0.230347075804708	3.79795964614352	0.000145892067523897	0.0396343065069212
NM_001323316.1	265.828418152888	1.29723182909875	0.340291544079372	3.81211890706333	0.000137780562251053	0.0396343065069212
NM_001323317.1	262.41313418625	1.28923610913339	0.339512025593837	3.79732089571319	0.000146268388393494	0.0396343065069212
NM_001323318.1	264.040438877788	1.28534745554069	0.337960649469422	3.80324590320978	0.000142812468807493	0.0396343065069212
NM_001377.2	507.031407880155	-1.08591165611088	0.26634507913274	-4.07708548491593	4.56037299293481e-05	0.0176565099702853
NM_001930.3	718.862840568728	1.19070861830592	0.294265984346923	4.04636852930356	5.20183178246184e-05	0.0195582719006621
NM_002013.3	642.747149587571	-1.22737573617264	0.25970047491038	-4.72612049167872	2.28849887064439e-06	0.00274369424978276
NM_002231.3	47.1443044599283	2.81681402534713	0.750933691481158	3.7510822290996	0.000176072938468042	0.0429066709606867
NM_002638.3	819.426883972376	0.974457571996984	0.261332225383839	3.72880753824264	0.000192388015030599	0.0444994467727781
NM_002693.2	1638.26826558662	1.33220624620259	0.357477932159472	3.72668107973807	0.000194017697939555	0.0444994467727781
NM_002863.4	2305.39101476152	-0.917309789647664	0.248813562280534	-3.68673548676342	0.000227149245279321	0.0486389740690825
NM_003487.3	196.210386478112	-1.51502574890147	0.286921463768524	-5.28028028646797	1.28986415565237e-07	0.000390288324659346
NM_004228.6	388.291156105093	1.3131699252844	0.33804974274115	3.88454644170492	0.000102521095332562	0.0329009870687961
NM_004377.3	111.733465724294	1.68483240659333	0.457781165840128	3.68043190134591	0.000232839237638908	0.0489903007882499
NM_004431.3	1096.05055163336	1.36251145353386	0.357669495580647	3.80941475403692	0.000139296122053145	0.0396343065069212
NM_004494.2	1973.85868431738	0.885742633252032	0.233573661655534	3.79213404017399	0.000149358256214976	0.0400443979595443
NM_004613.3	265.697820674419	1.29637976693828	0.340364983251092	3.80879300377948	0.000139646799364772	0.0396343065069212
NM_004698.2	904.806651922658	0.902277792889499	0.190695174660236	4.7315187418722	2.22846238198799e-06	0.00272484371790042
NM_005030.5	746.116326483303	1.796236169902	0.401091438289791	4.47837076144269	7.52148844141836e-06	0.00581216269088928
NM_005045.3	73.9788763373869	1.91733998470905	0.478024265405862	4.01096790155863	6.04703320068434e-05	0.0212287615269549
NM_005438.4	533.691433994406	1.14468413359022	0.304230724973665	3.76255269315519	0.000168187857520804	0.0424990261996396
NM_005455.4	1274.34401365364	-0.975642464400552	0.257778769592859	-3.78480534274217	0.000153828935232644	0.0402525694259241
NM_005914.3	3740.76911805505	-0.871991152800848	0.185203616611539	-4.70828361105838	2.49811367312278e-06	0.0027848270003082
NM_006398.3	111.575060802865	1.74223981959652	0.418491556230792	4.16314210802307	3.13897868475165e-05	0.0145589039114226
NM_006845.3	645.088723819006	1.25395061865794	0.32521374801753	3.85577370668337	0.000115364170486795	0.0364211821290007
NM_007086.3	284.691386003157	-0.935572067311394	0.244541095503181	-3.82582757874014	0.000130333492886105	0.0396343065069212
NM_007195.2	198.145211569987	-1.08507477352692	0.287174633663282	-3.77844923030072	0.000157808015833641	0.0409283140493928
NM_013406.2	700.547346548749	1.17588412633277	0.29154534284246	4.03328043201901	5.50035740038604e-05	0.0197459723127305
NM_014308.3	60.010745176316	2.58442358873237	0.593319000231276	4.35587531787278	1.32536206864408e-05	0.00791969470658209
NM_014448.3	61.2700362499272	2.30455742456676	0.626008722728357	3.68135034049161	0.000232001956172662	0.0489763066416056
NM_014501.2	2032.23242676421	2.01899049965692	0.492606422045539	4.09858745095751	4.1567918312963e-05	0.0173363684499995
NM_015068.3	590.759467925332	-0.909448741802868	0.22258795167987	-4.08579500794748	4.39261483813842e-05	0.0173363684499995
NM_015374.2	173.983425915111	2.15907079930251	0.575944421725176	3.7487485213161	0.000177719176255975	0.0429066709606867
NM_015975.4	747.507466166278	-1.30353757759899	0.2697955646991	-4.83157526719467	1.35456989948079e-06	0.00209931903787338
NM_016056.3	178.18192898194	-1.38202264259432	0.303503603164502	-4.55356255472606	5.2744977780242e-06	0.00459112517549608
NM_016354.3	224.624077375419	1.82278759621891	0.415547505393114	4.38647223858203	1.15203860841873e-05	0.00762529554751489
NM_017457.5	388.291156105093	1.3131699252844	0.33804974274115	3.88454644170492	0.000102521095332562	0.0329009870687961
NM_018121.3	642.811757576587	-1.05008501103906	0.20443626655991	-5.13649084239824	2.79915983881882e-07	0.000580825259800307
NM_018176.3	170.140819032659	-1.48034131088829	0.388922136743321	-3.8062665274959	0.000141080346112379	0.0396343065069212
NM_018445.5	2570.83798110325	0.808503613174635	0.194045384572169	4.16656966594296	3.09217425435605e-05	0.0144472747404626
NM_020199.2	1295.89621967619	-1.13682001499544	0.253363290273038	-4.48691684486074	7.22612615989132e-06	0.00581216269088928
NM_020401.2	1486.57678422223	-0.985761429012695	0.192330514505557	-5.12535117761676	2.96983671931497e-07	0.000580825259800307
NM_020752.2	606.141842398485	-1.1316027518694	0.220409784092477	-5.13408584164582	2.83518679537044e-07	0.000580825259800307
NM_020813.3	138.138579509756	-1.02571453586367	0.277159938428144	-3.70080373693545	0.000214917658135548	0.0480855557508768
NM_021927.2	1301.21892593422	-0.921677080651799	0.217667375453356	-4.23433727140843	2.29226701124081e-05	0.0114803070953518
NM_022153.1	683.881842558452	1.38094477588815	0.368450587481201	3.7479782169125	0.00017826573185643	0.0429066709606867
NM_030650.2	271.391179298271	-1.13531364958791	0.271219164144223	-4.18596397186813	2.83958390325651e-05	0.0136691545742973
NM_030775.2	65.4219768595529	1.74203069771684	0.466779811726574	3.73201808208721	0.000189951862528993	0.0443340876167419
NM_031442.3	147.26569003662	-1.20388068399061	0.325923916574995	-3.69374759803366	0.000220973143504157	0.0484989747460792
NM_032124.4	62.4185191668685	-1.49506187354876	0.370104877389849	-4.03956274257349	5.35509416965826e-05	0.0196276500421342
NM_032169.4	506.668961704934	-1.35438899110782	0.226044055184246	-5.99170365265243	2.07654071176803e-09	1.65334915365378e-05
NM_032409.2	1585.45129077863	1.29510596211011	0.337102411266645	3.84187688614808	0.000122097077980995	0.0378453294100896
NM_133467.2	59.1344820945707	2.81617736556233	0.696991701340437	4.04047474330947	5.33431098063807e-05	0.0196276500421342
NM_138370.2	103.44620019555	1.83957143671211	0.43430908805797	4.23562731541682	2.27914522255871e-05	0.0114803070953518
NM_139215.2	196.210386478112	-1.51502574890147	0.286921463768524	-5.28028028646797	1.28986415565237e-07	0.000390288324659346
NM_144597.2	96.9929295235198	-1.20209226457314	0.290954137246502	-4.1315524018643	3.60321526000668e-05	0.0161236270458693
NM_152245.2	117.304826496152	1.6970005056048	0.455471355699213	3.7258116989589	0.000194687705813986	0.0444994467727781
NM_152246.2	110.496194139972	1.69347833318664	0.455405539097112	3.71861601978784	0.000200317283244685	0.0454591457569064
NM_152485.3	540.499219938976	-0.876023239969868	0.222498447216485	-3.93721057800246	8.24342638129016e-05	0.0274242826764366
NM_152793.2	406.432462521192	-0.956903279813053	0.23371699197837	-4.09428202764825	4.23478591522794e-05	0.0173363684499995
NM_170601.4	72.3416430092841	-1.64559204506675	0.3186461573792	-5.16432414751652	2.41309213584063e-07	0.000580825259800307
NM_173054.2	73.9788763373869	1.91733998470905	0.478024265405862	4.01096790155863	6.04703320068434e-05	0.0212287615269549
NM_182746.2	3740.76911805505	-0.871991152800848	0.185203616611539	-4.70828361105838	2.49811367312278e-06	0.0027848270003082
NM_198947.3	305.714929283511	-1.11340206853886	0.279357281035823	-3.98558456901678	6.73141963810087e-05	0.0233731074668965
NM_199161.4	253.324790891925	1.83605732536725	0.44695503110735	4.10792405853077	3.99231319189439e-05	0.0172571132543778
NM_203350.2	1206.66098968001	-1.06455648600034	0.257328558322047	-4.13695430053298	3.51946169065295e-05	0.0159738310533907
NM_207361.5	50.0003518432622	-1.67139122168171	0.430013547079197	-3.88683387543111	0.00010156020640675	0.0329009870687961
NR_002451.2	319.646710770317	-0.984203226194558	0.257470845220205	-3.82258125323978	0.000132061940966914	0.0396343065069212
NR_003334.2	121.347278390466	-1.2959588580996	0.295302764521618	-4.38857678897457	1.14094849914187e-05	0.00762529554751489
NR_003932.2	270.665415166628	1.32104199520052	0.28782173287943	4.58979237594236	4.4368711759084e-06	0.00420787564566525
NR_024117.2	454.870061245067	1.11611960008579	0.296931669501801	3.75884324483961	0.000170700738808355	0.042535946452394
NR_026757.1	1807.88112601185	-0.855798636086185	0.194550564518828	-4.39884941070609	1.08826304180725e-05	0.00756397199160881
NR_027033.2	84.4829933597659	2.46359805816303	0.539198421992582	4.56900086810143	4.90054753245721e-06	0.00451290712039704
NR_027442.1	113.874368690084	-1.54962051603982	0.276871466112142	-5.59689497007314	2.18224818021333e-08	0.000115553678222596
NR_028502.1	696.489109958638	1.33301014366441	0.25353225262541	5.25775371717268	1.45825630192877e-07	0.000402871834509382
NR_028503.1	473.211436420963	1.38840182595133	0.229443810606406	6.05116268894709	1.43804128393772e-09	1.65334915365378e-05
NR_028504.1	396.614278464562	1.34782552168236	0.2328879461082	5.78744217640253	7.14662762893166e-09	4.54111012797575e-05
NR_028505.1	372.705493781788	1.31814869187103	0.23788627625364	5.541087584496	3.00598813854236e-08	0.000146928075614814
NR_029494.1	47.8245020660353	1.79554873451469	0.452392857436804	3.96900327889354	7.21738888603691e-05	0.0243429078757225
NR_033417.1	1242.13099648567	-0.843083032777176	0.223847856823669	-3.76632166481404	0.000165670322442164	0.0424990261996396
NR_033752.2	90.4617617917518	2.61027021978054	0.601112452019713	4.34239918173404	1.409351643966e-05	0.00806783983431421
NR_036515.1	313.577451156156	1.44160922381936	0.270143366144497	5.33645983758214	9.47788537103494e-08	0.000345858922273711
NR_036592.1	4882.19306528248	-1.10114567295437	0.210459159318226	-5.23211095455044	1.6758510195133e-07	0.00044369552284131
NR_037709.1	136.234483053154	1.82464422931961	0.451618415358375	4.04023433781301	5.33978204691773e-05	0.0196276500421342
NR_038192.1	713.98698102204	1.18200747194074	0.292975923284738	4.0344867205759	5.47217845667458e-05	0.0197459723127305
NR_038343.2	723.061699468419	-1.01820103157233	0.256276427368845	-3.9730576940925	7.09558538175739e-05	0.0242091760212884
NR_038366.1	202.892762326848	1.17840696391908	0.313402472621555	3.76004360802237	0.000169883740749559	0.0424990261996396
NR_038396.1	114.647712160666	1.17110164736532	0.291025099081872	4.02405720695542	5.72040120372185e-05	0.0204205468138705
NR_103778.1	237.539761218929	-1.11566855127259	0.247839473919094	-4.50157730578786	6.74510229921706e-06	0.00556619857528377
NR_110204.1	124.968324725654	-1.28770992503152	0.278255137947993	-4.62780286656268	3.69565541438064e-06	0.00393340048548547
NR_110205.1	121.256422953281	-1.30383658644238	0.282971195663464	-4.60766539642085	4.07215260401054e-06	0.00417343098006512
NR_110206.1	114.787653870529	-1.32831175923272	0.291423807719074	-4.55800701263631	5.16413136323209e-06	0.00459112517549608
NR_110479.1	79.2124843616962	2.41597130488945	0.546848906359463	4.41798690057423	9.96244572234873e-06	0.00727291424115996
NR_119376.1	217.398955373505	2.01363776573118	0.498751165698844	4.03735951756564	5.40561952310831e-05	0.0196276500421342
NR_130941.1	275.769875615355	-1.12701688862612	0.274227959193299	-4.10978111765658	3.96034326358869e-05	0.0172361734010242
NR_132278.1	78.9408202941419	2.67923721428049	0.584294821782231	4.58542008999534	4.53074538366371e-06	0.00423371504659941
NR_132426.1	509.516255494692	-1.3597342261183	0.226951097205116	-5.99130932990989	2.08158276875613e-09	1.65334915365378e-05
NR_132427.1	502.191264762278	-1.36506784858189	0.226564009579155	-6.025086910836	1.69018774941944e-09	1.65334915365378e-05
NR_132428.1	488.230652862301	-1.36992006941798	0.226797166147237	-6.04028741932616	1.53839943767666e-09	1.65334915365378e-05
NR_135008.1	1954.59159908445	0.873099452018075	0.229618324635815	3.8023944883443	0.000143304303724434	0.0396343065069212
XM_005246878.3	275.797074579193	-1.12149662357449	0.26559464919287	-4.22258741651107	2.41513680470016e-05	0.0119892674097076
XM_005246879.4	273.37280122738	-1.12947668372952	0.273196278480894	-4.13430479364497	3.5603071838598e-05	0.0160446127004836
XM_005246880.3	258.680022464575	-1.05197285912636	0.276758385663941	-3.80105143554254	0.000144083386040973	0.0396343065069212
XM_005248122.3	1290.72594292623	-0.928628697639805	0.218051238925149	-4.25876368424844	2.05560640459042e-05	0.0106192961106085
XM_005249641.1	43.9786979451654	-1.948371743837	0.403946756313626	-4.82333801023092	1.41175428377046e-06	0.00213584977855578
XM_005256580.3	59.8801476978465	2.58102217516976	0.592802742941745	4.35393089168517	1.33717876327419e-05	0.00791969470658209
XM_005257376.3	182.104856927043	1.22167778649957	0.331437103385251	3.68600188096482	0.000227804667078879	0.0486389740690825
XM_005257377.3	181.528693137786	1.22293842459933	0.331121684514098	3.69332025594735	0.000221344979326477	0.0484989747460792
XM_005260203.2	151.479005892818	1.77288569150879	0.450900705637011	3.93187606349859	8.42855181014769e-05	0.0278941166208544
XM_005264259.4	226.295076686744	-0.993219708581578	0.229826926575956	-4.3215985323344	1.54902849238759e-05	0.00866065938909513
XM_005268325.3	1915.34339253275	1.89021673118105	0.282092539818457	6.70069733994922	2.07427267682214e-11	6.59017172153163e-07
XM_005269037.3	1485.87248533238	-0.985096061595011	0.192096604802389	-5.12812843625416	2.92636779759823e-07	0.000580825259800307
XM_005269965.2	642.811757576587	-1.05008501103906	0.20443626655991	-5.13649084239824	2.79915983881882e-07	0.000580825259800307
XM_006712783.2	271.681390419351	-1.13472862131977	0.273059796097796	-4.15560488045399	3.24428076578703e-05	0.0149382672767855
XM_006713314.3	157.274795085391	-0.945553941593043	0.248983958770432	-3.79765004244655	0.000146074357053497	0.0396343065069212
XM_006718223.2	56.0143713620954	2.85348650114908	0.748385435860191	3.8128568040201	0.000137369708793906	0.0396343065069212
XM_006718903.2	507.031407880155	-1.08591165611088	0.26634507913274	-4.07708548491593	4.56037299293481e-05	0.0176565099702853
XM_006720012.2	284.691386003157	-0.935572067311394	0.244541095503181	-3.82582757874014	0.000130333492886105	0.0396343065069212
XM_006720869.2	137.8927965784	2.40193186293534	0.538552821835481	4.45997451976789	8.19693974888309e-06	0.00612764641792387
XM_006722557.2	63.5779622142609	-1.46695807285912	0.368002629800579	-3.98627062435415	6.71199527683811e-05	0.0233731074668965
XM_011509453.2	1956.39763636528	0.875404233974235	0.230500779211992	3.79783633255801	0.000145964646838088	0.0396343065069212
XM_011509454.2	1954.48789402321	0.874669386321584	0.229507574160242	3.811069806833	0.00013836668364677	0.0396343065069212
XM_011509455.2	1964.2230694033	0.876083677393173	0.231165950036642	3.78984741158595	0.000150739853106737	0.0400766181845535
XM_011510129.1	911.276599415949	0.899694589020824	0.189461195765963	4.74870110147618	2.04727250963385e-06	0.00272484371790042
XM_011510130.2	729.334218843552	0.903184814225766	0.195285945226873	4.62493505703389	3.74715788706209e-06	0.00393340048548547
XM_011510131.2	527.274637373864	0.892175869958734	0.202883517560115	4.39747832001374	1.09515819966008e-05	0.00756397199160881
XM_011510132.2	527.274637373864	0.892175869958734	0.202883517560115	4.39747832001374	1.09515819966008e-05	0.00756397199160881
XM_011511945.2	273.948965016638	-1.12566678908678	0.272903332676963	-4.12478212722757	3.71085866089347e-05	0.0164891874846499
XM_011513732.2	1294.42441529902	-0.921656095266715	0.217673889311095	-4.23411415206307	2.29454376807416e-05	0.0114803070953518
XM_011514089.2	572.415498692099	-1.07967836045397	0.252148231623268	-4.28191922466901	1.8528824662329e-05	0.00981132147244759
XM_011515174.1	53.1826618239618	-1.78151673975476	0.396095526746179	-4.49769467075141	6.86942533896043e-06	0.00559611570369518
XM_011515175.1	51.4969301660496	-1.88027398312229	0.402623298302373	-4.67005757255058	3.01115333140551e-06	0.00329887422386498
XM_011515914.1	165.810257303419	1.79218129524482	0.483103652814429	3.70972416541266	0.000207485177749875	0.0465866542918111
XM_011520067.2	47.3049183739303	2.94150849409172	0.78546769245451	3.7449134093597	0.000180456003757037	0.0432699448706779
XM_011525315.1	202.057024383609	-1.43481313285037	0.269173381252377	-5.33044213426547	9.7973947954531e-08	0.000345858922273711
XM_011526227.2	63.0531099225012	-1.45992126735904	0.367901578994892	-3.96823865596757	7.24058038543256e-05	0.0243429078757225
XM_011526752.1	1056.02623632271	2.05832532778864	0.501841037290403	4.10154844829386	4.10394554495821e-05	0.0173363684499995
XM_011527770.1	720.263624492302	1.1976530045715	0.295120450442255	4.05818371033503	4.94558571991812e-05	0.0187055004651808
XM_011527771.2	721.343802684005	1.18663847870121	0.293817043924457	4.03869858212279	5.37485792090066e-05	0.0196276500421342
XM_011527810.2	126.503826156489	1.12751607086221	0.305801505736866	3.68708475828241	0.000226837819676121	0.0486389740690825
XM_011527811.2	126.503826156489	1.12751607086221	0.305801505736866	3.68708475828241	0.000226837819676121	0.0486389740690825
XM_011528792.2	179.262609611768	1.84838234658236	0.407407343060637	4.53693920363937	5.70765517720932e-06	0.00482805835832528
XM_011529028.1	265.51625032943	1.29998168290828	0.340226321850099	3.82093212494311	0.000132948240968078	0.0396343065069212
XM_011530104.2	173.125567910579	2.15106509946325	0.573423489082609	3.75126785075482	0.000175942615290653	0.0429066709606867
XM_011530105.2	173.803313014165	2.15734601734042	0.573751026005503	3.76007348058272	0.000169863455699925	0.0424990261996396
XM_011531191.2	323.807990258838	2.48337522312626	0.420845972328264	5.90091241550296	3.6149678318112e-09	2.5522476218772e-05
XM_011532764.2	222.619997335099	-1.01472137937559	0.230527360830986	-4.40173945391038	1.0738646516045e-05	0.00756397199160881
XM_011532765.2	218.023687131501	-1.02945832052483	0.229934808125559	-4.47717476495635	7.56373300187758e-06	0.00581216269088928
XM_011534041.2	160.455424124801	-0.966496597336008	0.246966328255618	-3.91347518571704	9.09772534372035e-05	0.0296455212200348
XM_011534531.2	885.917516022625	-1.14901175809602	0.234630847980736	-4.89710440031467	9.72591719114849e-07	0.00154501057539989
XM_011536373.2	277.377260675207	-0.93107582075101	0.245519945655194	-3.79226143222843	0.000149281636725644	0.0400443979595443
XM_011536565.2	621.353390333219	-1.09092333077424	0.25152401527088	-4.33725316288137	1.44274415201055e-05	0.00818525436670131
XM_011538576.1	1486.75869319819	-0.985412201155181	0.192372572843782	-5.12241525175939	3.01646683664508e-07	0.000580825259800307
XM_011539944.2	651.033631709354	-1.03972253169295	0.203716426124266	-5.10377366947681	3.3294644436451e-07	0.000604459513365991
XM_011540540.2	645.635871444122	1.2554205838632	0.325669849257301	3.8548873551734	0.000115782927670803	0.0364211821290007
XM_011540541.2	588.130139083839	1.239621186839	0.327481208776009	3.78532005385041	0.000153510881592952	0.0402525694259241
XM_017000534.1	912.533256385366	1.41056398132011	0.375102394720634	3.76047714216984	0.00016958957142082	0.0424990261996396
XM_017000535.1	912.533256385366	1.41056398132011	0.375102394720634	3.76047714216984	0.00016958957142082	0.0424990261996396
XM_017000536.1	909.729116943561	1.41128513050054	0.377049726604268	3.74296818409247	0.000181859262805363	0.0433677687907626
XM_017000537.1	277.069280044025	1.74799266819669	0.467070749048107	3.74245801467788	0.000182228986609386	0.0433677687907626
XM_017001049.1	62.3148160776833	2.2644550128632	0.605430962405823	3.74023654797048	0.000183847154400329	0.0434763646683723
XM_017001050.1	61.1270599158385	2.30064919067104	0.624859266957799	3.68186776179542	0.000231531501833286	0.0489763066416056
XM_017001051.1	61.2700362499272	2.30455742456676	0.626008722728357	3.68135034049161	0.000232001956172662	0.0489763066416056
XM_017002330.1	640.769350134438	1.44338702028543	0.285444827954299	5.0566234835284	4.26744589275423e-07	0.000753227908103859
XM_017002790.1	715.05653656172	0.909325938819512	0.197520539030631	4.60370320616883	4.15043834283436e-06	0.00418614528857747
XM_017002791.1	516.073452116943	0.894360085478417	0.204424014378609	4.37502456938349	1.21418801660462e-05	0.00787264642358066
XM_017003803.1	221.698766483147	-1.0072650445057	0.229266693473096	-4.39342073306385	1.11580885096755e-05	0.00762373397937419
XM_017005055.1	255.393002005974	-1.17663969966483	0.273959344872906	-4.29494274126948	1.7473843016503e-05	0.00940951638097147
XM_017007088.1	161.206437428262	-0.953104281231382	0.247740133807325	-3.84719369681393	0.00011947850899876	0.037215212837251
XM_017009494.1	637.043975406525	-0.785930490457384	0.21270426358133	-3.69494469562843	0.000219934653321067	0.0484989747460792
XM_017011828.1	46.365855855403	-1.93922978603231	0.403637438684926	-4.80438532250732	1.55227637698303e-06	0.00229383129177339
XM_017011829.1	47.2414441937898	-1.87610111100153	0.418856678968765	-4.47910038254739	7.49582792326789e-06	0.00581216269088928
XM_017012455.1	491.536174337316	1.59351950699387	0.40015238933313	3.98228162438198	6.82568311405844e-05	0.0235716063279077
XM_017016452.1	625.530406510024	-1.09087297739027	0.213381848740171	-5.11230446184107	3.18252345281942e-07	0.000594776191879563
XM_017017930.1	123.543318629159	-1.31177202224548	0.300938791101638	-4.35893298249626	1.30698126049605e-05	0.00791969470658209
XM_017018291.1	503.324434223113	-1.08752065684954	0.267307822283705	-4.06842062293003	4.73328799393013e-05	0.0181182280548378
XM_017018292.1	485.696633118716	-1.09369799135164	0.266860427763361	-4.09838956085866	4.16034658814125e-05	0.0173363684499995
XM_017018293.1	261.024978397925	-1.22446213247058	0.315845099387282	-3.87678053212146	0.000105847753661661	0.033797879211906
XM_017020670.1	475.90100800328	1.23136300615818	0.329327609705547	3.73902147851845	0.000184737944359015	0.0434763646683723
XM_017020940.1	274.198699375587	-0.92366583736798	0.243263635817159	-3.79697456327678	0.000146472812679273	0.0396343065069212
XM_017020941.1	269.067010106744	-0.954337083337682	0.253764690074789	-3.76071660346607	0.000169427293351792	0.0424990261996396
XM_017021092.1	348.54789644783	-1.06196798360598	0.240502866596972	-4.41561466036744	1.00723372450045e-05	0.00727291424115996
XM_017024486.1	64.6069845129353	2.06276274250363	0.46460934240505	4.43977887277459	9.00513564549469e-06	0.00665353871146539
XM_017024812.1	295.524791407132	0.915655520878892	0.239057343206702	3.83027565100632	0.000127999789590355	0.0394823428648073
XM_017025181.1	193.140148448886	-1.55129786923545	0.293686191528231	-5.28216141577201	1.27668635408844e-07	0.000390288324659346
XM_017026039.1	64.7696170727475	-1.36749270330762	0.369626270930568	-3.69966317563097	0.000215885798025585	0.0481326855373395
XM_017026502.1	126.503826156489	1.12751607086221	0.305801505736866	3.68708475828241	0.000226837819676121	0.0486389740690825
XM_017027826.1	179.405585945857	1.84973279674381	0.40792639746607	4.53447682776564	5.77464409733281e-06	0.00482805835832528
XM_017027827.1	402.556771225863	1.66579579724374	0.398576480938469	4.17936300034948	2.9232675833655e-05	0.0139625388275491
XR_001737117.1	62.457792411772	2.26828503666934	0.606594890975315	3.73937379034345	0.000184479241234012	0.0434763646683723
XR_001737133.1	1966.62053378847	0.881652392889842	0.232564678270227	3.79099869957644	0.000150042739925624	0.0400588898334202
XR_001737316.1	193.18118403244	0.87275307720831	0.232844970630841	3.74821528179793	0.000178097358610426	0.0429066709606867
XR_001737535.1	904.676054444188	0.902010944045077	0.190644025384322	4.73138847245121	2.22989319396339e-06	0.00272484371790042
XR_001737536.1	884.043386975401	0.887630152155013	0.193293381361951	4.59213939919073	4.38725148518216e-06	0.00420787564566525
XR_001737537.1	904.949628256746	0.902566026781955	0.190574313984831	4.73603188126284	2.17943318237772e-06	0.00272484371790042
XR_001737538.1	904.949628256746	0.902566026781955	0.190574313984831	4.73603188126284	2.17943318237772e-06	0.00272484371790042
XR_001737539.1	911.862341051965	0.899698517679486	0.189525018634276	4.74712269737655	2.06330796149281e-06	0.00272484371790042
XR_001737540.1	729.789363001099	0.902849967773237	0.195280764879669	4.6233430534214	3.77604465730719e-06	0.00393340048548547
XR_001737541.1	894.37311727772	0.904060086870694	0.191520415331633	4.72043716752202	2.35338297921183e-06	0.00275865731344752
XR_001738703.1	223.01534983617	-1.00301111565631	0.229489522029735	-4.37061834799737	1.23895180672756e-05	0.00791969470658209
XR_001739017.1	190.189821746103	1.00703587329605	0.265178109853266	3.79758296736214	0.00014611387800798	0.0396343065069212
XR_001740368.1	102.682081744147	1.80711875448621	0.424278540607325	4.25927446601339	2.05091515162763e-05	0.0106192961106085
XR_001740369.1	102.682081744147	1.80711875448621	0.424278540607325	4.25927446601339	2.05091515162763e-05	0.0106192961106085
XR_001741965.1	584.155605649476	-1.28895424519937	0.338835654044572	-3.80406911083158	0.000142338440265773	0.0396343065069212
XR_001742588.1	47.0722237879192	-1.7677396408868	0.374720971808986	-4.71748253734757	2.38780888608501e-06	0.00275865731344752
XR_001745433.1	42.2088971736358	-1.47570653957105	0.380955879544413	-3.87369409112638	0.00010719795811113	0.0340578632714871
XR_001746421.1	64.8380772307472	1.58201074844535	0.386176088891174	4.09660461627173	4.19254066167959e-05	0.0173363684499995
XR_001747095.1	1439.66250103326	-1.36298223548119	0.251543983007232	-5.4184648711792	6.01129471279634e-08	0.000238731055400316
XR_001747138.1	643.607721303023	-1.0487428294633	0.204164380912861	-5.13675708159351	2.7951988592287e-07	0.000580825259800307
XR_001747585.1	94.1080875618974	1.32023614161686	0.346157336845604	3.81397705924034	0.000136748167655563	0.0396343065069212
XR_001753626.1	749.147203383279	1.18510739259583	0.289743579237775	4.09019380416808	4.31012883956019e-05	0.0173363684499995
XR_001754249.1	241.768972859776	1.7551709146244	0.403199957562913	4.35310292499357	1.34224094487395e-05	0.00791969470658209
XR_001754250.1	241.768972859776	1.7551709146244	0.403199957562913	4.35310292499357	1.34224094487395e-05	0.00791969470658209
XR_001754252.1	206.981227520277	1.85955487867334	0.43118189737798	4.31269236946473	1.61278450379737e-05	0.00883444421899074
XR_001754253.1	224.833981960142	1.78784178104152	0.414804081430749	4.31008724618828	1.6319015048273e-05	0.00886275943758428
XR_001754254.1	134.935807428592	1.81033896084468	0.476807624218439	3.79679113523426	0.000146581190852137	0.0396343065069212
XR_001754256.1	219.291975983404	1.79802051918809	0.413998798829373	4.3430573331908	1.40513445038388e-05	0.00806783983431421
XR_001754257.1	153.021101441228	1.68467748742486	0.429621943249397	3.92130223769064	8.80717132571684e-05	0.0288466639370464
XR_001754258.1	130.11973953838	1.78726192171498	0.47898860648382	3.73132449816499	0.000190475684104538	0.0443340876167419
XR_001755261.1	107.861627321113	1.60755818745882	0.399784819439523	4.02105860275668	5.7937188018908e-05	0.020566730732388
XR_241103.2	883.467223186144	0.887637831124586	0.193319155592592	4.59156687501382	4.39930626864746e-06	0.00420787564566525
XR_241104.2	904.949628256746	0.902566026781955	0.190574313984831	4.73603188126284	2.17943318237772e-06	0.00272484371790042
XR_244115.3	206.981227520277	1.85955487867334	0.43118189737798	4.31269236946473	1.61278450379737e-05	0.00883444421899074
XR_244116.3	385.430293503503	1.67955780729936	0.404565919725417	4.15150591142056	3.30294731844406e-05	0.0150989840653649
XR_427658.3	637.464424249814	-0.780677017096307	0.212318138602601	-3.67692097450756	0.000236066132252588	0.0495053273121912
XR_921997.2	883.610199520232	0.887933296113861	0.193179914449799	4.59640588744853	4.29840988933711e-06	0.00420787564566525
XR_921998.2	904.676054444188	0.902010944045077	0.190644025384322	4.73138847245121	2.22989319396339e-06	0.00272484371790042
XR_926922.1	54.8666185321346	-1.76050141797271	0.386010969641163	-4.56075489152361	5.09700496397058e-06	0.00459112517549608
XR_929661.2	139.306603716167	-2.15758953831476	0.352035211821241	-6.1289026377576	8.84872518590389e-10	1.65334915365378e-05
XR_930512.2	347.913735701262	-0.985204935334844	0.220192517591897	-4.4742888909641	7.66660298688975e-06	0.00581216269088928
XR_936165.1	723.301706717546	1.19986036536221	0.29399577265012	4.08121638806742	4.4800621120526e-05	0.0175723522669164
XR_936524.1	337.940516806495	1.72966929865291	0.414022465293626	4.17771846613739	2.94447798761697e-05	0.0139625388275491
L1M2a1:L1:LINE	197.812673384467	-1.67810864351268	0.332293330557141	-5.05008222915301	4.41619922478243e-07	0.00075841657065169
L1M3de:L1:LINE	1367.27636450645	-0.759368707920958	0.198914298593691	-3.81756723015709	0.000134774067870884	0.0396343065069212
