Name	baseMean	log2FoldChange	lfcSE	stat	pvalue	padj
BSR/Beta:Satellite:Satellite	260.9835523	-0.679397504	0.211796506	-3.207784288	0.001337618	0.009991413
CER:Satellite:Satellite	256.959228	1.212889669	0.216506254	5.60209992	2.12E-08	4.72E-07
ERV3-16A3_I-int:ERVL:LTR	3578.269608	-0.291355681	0.110032717	-2.64790045	0.008099337	0.044977228
Eulor12:DNA:DNA?	11.0556728	-3.271583199	1.167569456	-2.802045893	0.005077965	0.030682819
HERV3-int:ERV1:LTR	893.4359364	0.561479701	0.140822613	3.987141613	6.69E-05	0.000739232
HERV9-int:ERV1:LTR	211.217751	0.646282138	0.232135233	2.784076036	0.005368045	0.032064568
HERVE-int:ERV1:LTR	658.6596506	-1.050650344	0.153660555	-6.837475898	8.06E-12	3.05E-10
HERVH-int:ERV1:LTR	8256.546565	2.248565348	0.422047807	5.327750348	9.94E-08	1.98E-06
HERVK11-int:ERVK:LTR	411.075449	-0.754194219	0.179388467	-4.204251437	2.62E-05	0.000320183
HERVK22-int:ERVK:LTR	964.8914123	-0.427993737	0.150073074	-2.851902244	0.004345846	0.026951381
HERVK9-int:ERVK:LTR	958.5084968	-0.488999787	0.138396866	-3.533315466	0.000410382	0.003664783
HERVL-int:ERVL:LTR	3201.416377	-0.318076304	0.115888443	-2.744676651	0.006057055	0.035377214
HERVL18-int:ERVL:LTR	476.5689336	-1.040051524	0.178636402	-5.822170149	5.81E-09	1.42E-07
HERVL74-int:ERVL:LTR	1059.411221	1.674396488	0.14052446	11.91533832	9.85E-33	2.28E-30
HERVS71-int:ERV1:LTR	872.5225167	0.470150606	0.142684858	3.295028032	0.000984119	0.007730145
HUERS-P3b-int:ERV1:LTR	793.7210159	-0.714246225	0.15557125	-4.591119663	4.41E-06	6.49E-05
L1M2a1:L1:LINE	84.75437728	-0.941176148	0.36092461	-2.607680726	0.009115794	0.049535187
L1M3de:L1:LINE	538.7353471	-0.448912707	0.16365268	-2.743081915	0.00608655	0.035522445
L1M3e:L1:LINE	904.3559948	0.415055706	0.148919742	2.78711003	0.005318042	0.031817336
L1MEa:L1:LINE	243.7152163	-1.189276189	0.25477958	-4.667863058	3.04E-06	4.66E-05
L1PA11:L1:LINE	3121.476822	-0.33359055	0.125390736	-2.660408264	0.007804598	0.043600227
L1PA8:L1:LINE	5068.451257	-0.376066251	0.126647874	-2.969384643	0.002983968	0.019773686
L1PBb:L1:LINE	425.7577885	0.49563173	0.182448593	2.716555504	0.006596513	0.037991849
L1PREC2:L1:LINE	6047.605052	-0.424921957	0.122028996	-3.482139261	0.000497425	0.004307542
LTR15:ERV1:LTR	185.0576622	-0.643124708	0.242625239	-2.650691704	0.008032713	0.044651998
LTR16B:ERVL:LTR	310.1828244	-0.524564196	0.201322744	-2.605588343	0.009171662	0.049760157
LTR25:ERV1:LTR	437.8860757	0.558406708	0.176731344	3.159635945	0.001579664	0.011528298
LTR39:ERV1:LTR	2540.399986	-0.806382052	0.134616865	-5.990200773	2.10E-09	5.53E-08
LTR52-int:ERVL:LTR	208.0829129	-1.338796032	0.24080182	-5.559742156	2.70E-08	5.93E-07
LTR53-int:ERVL:LTR	1080.92315	-0.728250951	0.13892983	-5.241861657	1.59E-07	3.07E-06
LTR5A:ERVK:LTR	1005.94096	-0.570966362	0.135835835	-4.203355923	2.63E-05	0.000321374
LTR70:ERV1:LTR	573.4972079	0.441001782	0.162262806	2.717824201	0.006571274	0.037874919
LTR7:ERV1:LTR	1125.776851	0.818210666	0.181322984	4.512448707	6.41E-06	9.07E-05
LTR7Y:ERV1:LTR	225.858511	0.838162742	0.253421354	3.307387993	0.000941704	0.007441488
LTR87:ERVL:LTR	1265.642273	-0.368553017	0.128678895	-2.864129488	0.00418157	0.02609793
LTR88a:Gypsy:LTR	255.4291848	0.880689116	0.217724292	4.044974075	5.23E-05	0.000593726
LTR8A:ERV1:LTR	1170.991964	-0.347548129	0.130899278	-2.655080556	0.007928947	0.044163617
MER101-int:ERV1:LTR	1287.34843	0.398651139	0.148143269	2.690983808	0.007124165	0.040449215
MER113B:hAT-Charlie:DNA	538.2426611	0.534909024	0.176880698	3.024123217	0.002493549	0.016945969
MER21-int:ERVL:LTR	359.8131102	-0.561646939	0.187051848	-3.00262705	0.002676602	0.018000606
MER31-int:ERV1:LTR	391.6957345	-0.675527057	0.194980704	-3.46458415	0.000531052	0.00455479
MER39B:ERV1:LTR	905.0081762	-0.430209197	0.146145422	-2.943706286	0.003243076	0.021194005
MER47C:TcMar-Tigger:DNA	567.772362	1.031474782	0.191076614	5.3982262	6.73E-08	1.38E-06
MER49:ERV1:LTR	3132.065837	0.603492911	0.111897988	5.393241834	6.92E-08	1.42E-06
MER4A:ERV1:LTR	1556.238771	-0.714089207	0.139485437	-5.119453492	3.06E-07	5.66E-06
MER52A:ERV1:LTR	3056.239765	0.564261348	0.126247337	4.469491101	7.84E-06	0.000108194
MER57-int:ERV1:LTR	1499.449864	0.581809538	0.126845272	4.586765679	4.50E-06	6.61E-05
MER57A1:ERV1:LTR	1160.838139	0.855386669	0.14195242	6.025868892	1.68E-09	4.52E-08
MER61-int:ERV1:LTR	7704.792464	-1.228605395	0.150090308	-8.185774369	2.71E-16	1.72E-14
MER61A:ERV1:LTR	568.3054445	-1.121374921	0.161893401	-6.926625274	4.31E-12	1.68E-10
MER63D:hAT-Blackjack:DNA	1738.307286	-0.711757035	0.12365514	-5.755984237	8.61E-09	2.05E-07
MER65C:ERV1:LTR	2276.566559	1.743118662	0.121314239	14.36862382	8.14E-47	4.51E-44
MER66B:ERV1:LTR	2942.105571	1.097480782	0.11517721	9.52862791	1.59E-21	1.71E-19
MER92-int:ERV1:LTR	665.5232707	0.973494757	0.159855211	6.08985312	1.13E-09	3.17E-08
MER92D:ERV1:LTR	58.04376968	1.266906806	0.440138385	2.878428352	0.003996621	0.025146791
MER97c:hAT-Tip100:DNA	58.29260802	-1.697742707	0.432121361	-3.92885624	8.54E-05	0.000912231
MER9a1:ERVK:LTR	99.51366887	-1.093073109	0.318483643	-3.432116949	0.000598889	0.005050204
MLT1E2-int:ERVL-MaLR:LTR	118.5910578	-0.852580543	0.30464857	-2.79857064	0.005132934	0.030938118
MLT1F1-int:ERVL-MaLR:LTR	263.1706398	0.914589595	0.210035559	4.354451216	1.33E-05	0.000174567
MLT1G-int:ERVL-MaLR:LTR	111.7837387	-0.926864029	0.308594787	-3.00349866	0.002668947	0.017955178
MLT1N2:ERVL-MaLR:LTR	2396.075729	0.466249282	0.131656866	3.541397385	0.000398014	0.003567423
MLT1O:ERVL-MaLR:LTR	2411.868067	-0.552921743	0.120467161	-4.589813002	4.44E-06	6.53E-05
MLT2B1:ERVL:LTR	2750.68128	-0.425702105	0.131320382	-3.241706262	0.001188164	0.009060297
MSR1:Satellite:Satellite	706.52586	0.471030019	0.155759594	3.024083503	0.002493876	0.016946565
MSTA-int:ERVL-MaLR:LTR	8597.089316	0.461216083	0.109628743	4.20707263	2.59E-05	0.000316679
MSTB2-int:ERVL-MaLR:LTR	84.95131664	0.96768075	0.347631809	2.783636953	0.005375316	0.032100313
MamGyp-int:Gypsy:LTR	159.4399861	-0.742456649	0.261530332	-2.838893074	0.004527032	0.027855073
MamTip1:hAT-Tip100:DNA	669.9698342	0.518200978	0.155431718	3.333946149	0.000856232	0.006847456
ORSL:hAT-Tip100:DNA	1030.859455	0.851700624	0.137793978	6.1809713	6.37E-10	1.87E-08
PABL_A-int:ERV1:LTR	273.5207926	-0.570883095	0.210523179	-2.7117351	0.006693206	0.038451045
PRIMA41-int:ERV1:LTR	272.2109783	-0.814428391	0.225300125	-3.614859909	0.00030051	0.002786129
SVA_E:SVA:Retroposon	1514.603092	-0.40921845	0.130549716	-3.134579392	0.001721007	0.012397439
UCON12:UCON12:Unknown	34.51531349	-1.381175384	0.528302674	-2.614363793	0.00893938	0.048751854
Zaphod2:hAT-Tip100:DNA	444.5910421	0.487669411	0.182460076	2.67274585	0.007523322	0.042308508
